23 00001 00001 0000000000000000
2b 00001 00001 0000000000000001
02 000000 0000000000 0000000110
08 000000 0000000000 0000000110
03 000000 0000000000 0000000000
05 00001 00010 0000000000000001
0e 00001 00001 0000000000000001
00 0001 0010 0100 00000 20
00 0001 0010 0100 00000 22
00 0001 0010 0100 00000 2a


100011 00000 00001 1001001001001001
101011 00001 00001 0000000000000001
000010 000000 0000000000 0000000110
001000 000000 0000000000 0000000110
000011 000000 0000000000 0000000000
000101 00001 00010 0000000000000001
001110 00001 00001 0000000000000001
000000 00001 00010 00100 00000 010000
000000 00001 00010 00100 00000 010010
000000 00001 00010 00100 00000 101010


